$ANSIBLE_VAULT;1.2;AES256;volodya
35653435323035356166343839643465636162653061623936383064303939363930663735616665
6561366334636361613632373864613564323036343537320a653030343437313638633266343734
64383635633330376632383965663430373939316135303464643832383635333465333330323365
3634396430366238380a356363343565663263356438663065363330313062343039613963356438
61343432306534376639653730616162373835666537376634656462656666656331666536363332
33656265323264373661313536393231656166633061343864356630313063643364366433346261
62366334643964343466323839373533666537316431303766613634353961633239383065623462
34396465396362396430633636373031306336636436376432313463366463646666386232653132
38313734313861306264666365363731353435323639666164646137666261353030333530396239
38643265633763336663303838666161363732346535373633623136393762396639323162646563
35323936323263346562623563666164353931646138613665353432633131653734383136376638
37306332633462663665303931636461313535646433623334366631386432316638393764636539
66616235616266653564656362366138653533303630663731663662613266636163616261366465
36626330666166346336353666356231396533376666353861343832333462343931646534343838
38393934343930303964306234636134353434343632623366376339373863646533313034616431
33663431653331653061356432353564386534323734643139346230646333343638313066643764
39303130383365363463663132396665626365646663616363303465613132343762363461303665
39643736303662663634356166646339386636383933656661356538373238646262346463626534
34633030363432373362316632373735396563346262336638633363373064646538303366343734
61333836313763343235623432376633626266313232663433623230393962373664363863303530
30666233656137336663663537653132643262366366393132366334323830386238316138306539
38363866326263376163323231393034656339326139386433626461623937613633393138303730
37666534353565386234323832646531363763316263366665306433366264353264646437643132
66373830663632316336636634616561626164376266373062393430373433353530343361366565
66396565326134613163613265636565333136336634613932373834393266666264636363623966
37613639323334336331343038323537666531623934643961656631373236336233336663326130
62363430623233353736663834396463393861353961656261396562353264643237316237623866
37386463666666343164616634326438393365303562303636343862313738656530643330623533
62383666396338343938636333356532393563343665663363323237353734653065343430336631
63666635663063396239323663306638663164626166623733633566666638383163323266656364
32326465626664393266376339396133623464353934663633383064336530343437313165386237
61383164633139653539323363326237336463393635663763313338356464663262363363613832
37363538666438646334626434373231386539383934313837303162643461613738316133313332
30643235646639326132353130343462653862393361323231316361383465613233666261366233
37356562663433356366346135663934376163656538333662386231656466666539636164626163
30303963663562633337623136643637303830313864376263613537636136643736663136653865
62633263373636313334376334653065383238646439333537306632303334666339353262633164
30616332303531386334323966393861346334303663396431313739623463313430386639313264
61343632353163636638323261376632623936653865373631366362623132633130353462316237
38323461643232623738633035353162653263613061313965613238373531363833623630356632
62336663303362323963356564306466616534353837383335663437343736313563336531336163
38396337393639666538333762626236393432393736663533383366326661653635323232303265
61643335323132303834313561626263356339353836663434326539313832333766636535346634
63343234646533643861663430353035316466396664633935623430376130656663313566356235
36313362343433386430303835333730333534646237356663323035316231333232356466623234
64623565336266383964323032613661343033633362306466313935343562616264666265343236
63646238393762343566363763623862396436636535646535626136643435393933613039303165
61373538396634323765633036653938363361656231663961306234323065656236393538376632
30623930653962323836396638626165623138633139373135626563303164306231303837616338
32373130646139383862336239386564393834383465346561323134626135623466636661316538
61653838373863383734306132653861616663323036666363383030313039343163626233653535
33643930396366323831653337343965663034366136323461616362393732666335656630373937
36343262393064646238376634346664666466346662313062306633336163343738653235343764
61383538366434643235393337363635333764616432646335356639323765623463323136646434
65653266386266306536326162323561656366653637353533373962326330353130636162323733
38663265386138633562656330623665383532303539396533653433653066363763303361326134
34626338366634363433666336393434653133313637346233386562343463623162373739383666
36356335303733333364386362653965343839303636313036653762646430343865353131333036
62656430303564383938353066663461643765346564363539346238356234306134616330363266
64353734353934333132313237306562666662636437303664346138633461636461306664636234
33373131323864653338393438633732373863643233653531616635633063393635373838633934
34663963613733663636613137616235323632346661323532663837373965616335663835623065
65343761653163303130333339646437643862396638623034656536636132303338623033333561
62663966323435356561333930623132326565643866633533623933623739646531356564633639
32646430326565666139373665373433343461633237613333363930303033346466653631616334
36366234393461366162613264663735356337656461303436653032353039343266373035353564
66656230326230633336663038626163303331613331643636653231633239373862383631616466
66313434396565363064643731363466373863336164646437333630633765343431343934333832
62313536623666623131663539346638363561663139373333363163613837656161396631376263
63656335613335303533303737383930323133656662623262393563613263383630366234346635
32376262313864613061313230613332326164386331663039646230643839366162393662353332
39343461626333386464333433613034313936666232343932636266666662366233323062313638
31313734376537353965623936326263666466633636653433323835323066656339326665643065
34623431653164323066363362303664613638613465643232323763353566653636646366383963
35633635376534623666613263383266613461343733653666356132613961373537383966636333
30333232363864356562366135316463663563353563383231623635623764663338393239636263
66636133393430356662303262396463656261346233653163363634373134623866366230376536
30366634643537663336326538313533656636616237343334363130353038613337626532633665
66396135346134353361373361386233616332356338333537306638366231653533646262653135
33626239663132316265656464363835616136666234663834396534613335616434363163333963
33626537346132363731333035636336393434643033323836313337636235656630333065633732
63623764633664633739666338623161373339623031613937663530653365663138376437326631
32326631333234626333646437333132653938343461373432643565396435383666643337653237
32656461306230343065303931353030613537646539633061383661396136656633343533383566
3366
